100 221
0 43
0 97
0 18
1 77
1 79
1 9
1 89
1 21
2 93
2 37
2 42
2 4
2 34
3 50
3 62
3 86
3 56
3 92
4 19
4 64
4 48
4 13
5 29
5 60
5 38
5 85
6 47
6 94
6 8
6 79
7 26
7 39
7 55
7 14
8 23
8 59
8 88
8 70
9 47
9 99
9 66
9 76
9 16
10 68
10 18
10 81
11 32
11 80
11 45
11 87
11 58
12 87
12 29
12 77
13 37
13 97
13 49
13 53
14 32
14 95
14 86
14 75
14 21
15 82
15 57
15 18
15 21
15 93
15 23
16 19
16 69
16 20
16 74
16 47
17 50
17 28
17 41
18 68
18 38
18 20
19 75
19 41
19 90
20 98
21 24
21 29
21 56
22 58
22 51
22 27
22 46
22 31
23 44
23 81
23 55
23 98
24 87
24 70
24 91
24 77
25 68
25 34
25 96
26 81
26 33
27 67
27 35
28 39
28 93
28 89
29 77
29 97
30 76
30 79
30 66
30 95
30 46
31 39
31 94
32 35
33 88
33 67
33 48
33 53
34 69
34 48
34 40
34 45
35 90
35 82
35 65
36 69
36 42
36 67
36 51
36 72
36 58
37 78
37 84
37 89
38 44
38 92
38 75
38 95
39 73
40 65
40 45
40 42
41 62
41 80
42 98
42 54
42 77
43 94
43 75
44 91
44 55
44 97
44 54
45 67
46 52
46 90
46 84
46 49
47 76
47 53
47 92
48 65
48 63
49 83
49 60
49 75
49 95
50 88
50 57
50 51
52 54
52 64
53 92
54 90
54 57
56 91
56 61
58 61
59 85
59 87
60 93
60 63
61 71
62 96
63 69
63 91
64 68
66 80
66 96
67 93
68 87
69 74
69 70
70 99
70 71
71 77
72 83
72 80
73 88
73 96
74 83
74 89
75 99
78 88
78 94
79 94
81 82
82 91
84 95
84 96
84 92
85 97
85 95
86 92
87 88
